image0007,0,241,320,240
image0008,963,0,320,240
image0009,321,0,320,240
image0010,321,241,320,240
image0011,0,482,320,240
image0012,321,482,320,240
image0013,642,0,320,240
image0014,642,241,320,240
image0015,642,482,320,240
image0016,0,723,320,240
image0030,321,723,320,240
image0017,642,723,320,240
image0018,0,964,320,240
image0019,321,964,320,240
image0020,642,964,320,240
image0021,0,0,320,240
image0022,963,241,320,240
image0023,963,482,320,240
image0024,963,723,320,240
image0025,963,964,320,240
image0026,0,1205,320,240
image0027,321,1205,320,240
image0028,642,1205,320,240
image0029,963,1205,320,240
image0000,1284,0,320,240
image0001,1284,241,320,240
image0002,1284,482,320,240
image0003,1284,723,320,240
image0004,1284,964,320,240
image0005,1284,1205,320,240
image0006,0,1446,320,240